A*
6 6
0 1
3
1
5 3
123 15 18 10 10 10
12 10 123 123 123 10
123 123 17 123 123 10
123 123 123 17 17 13
123 123 123 123 123 123
123 123 123 123 123 123
A*
5 5
0 2
2
1
2 4
100 100 22 20 18
100 100 24 100 16
10 10 0 12 14
100 100 26 100 100
100 100 28 100 100
A*
3 3
0 1
3
1
2 2
18 15 123
12 10 123
9 123 17
A*
8 6
4 4
7
2
1 1
6 3
0 0 0 0 0 0 0 0
0 60 64 57 45 66 68 0
0 63 64 57 45 67 68 0
0 58 64 57 45 68 67 0
0 60 61 67 65 66 69 0
0 0 0 0 0 0 0 0
A*
5 4
1 0
5
1
4 3
1 2 1 -2 0
1 1 1 2 9
9 -1 1 -1 11
1 2 1 1 -1
UCS
5 3
0 0
5
1
4 1
1 5 1 -1 -2
6 2 4 10 3
9 8 -10 -20 40
A*
8 6
4 4
5
2
2 1
6 3
-10 40 34 21 42 37 18 7
-20 10 5 27 -6 5 2 0
-30 8 17 -3 -4 -1 0 4
-25 -4 12 14 -1 9 6 9
-15 -9 46 6 25 11 31 -21
-5 -6 -3 -7 0 25 53 -42
A*
5 4
0 1
3
1
4 3
20 2 1 -2 -10
-8 1 10 2 -20
9 -1 4 15 11
6 -5 1 1 -1